6.0 43.0 6.4285717 450.0 18.0 80.0 110.0 87.5 0.8333333 0.16666667 0.16666667 0.33333334 8606.133 656.3342 13.112424 129.0369 103.78983 0.0 0.0 0.0 0.0 0.0 0.0 0.0 NaN NaN NaN NaN NaN 0.0 -0.0 1.0 NaN NaN NaN NaN 0.0 0.0 NaN 0.0 0.0 
6.0 35.0 5.1904764 400.0 13.0 60.0 95.0 81.666664 0.5 0.5 0.33333334 0.16666667 3345.4722 2719.8267 1.2300314 105.44614 111.016235 0.0 0.0 0.0 0.0 0.0 0.0 0.0 NaN NaN NaN NaN NaN 0.0 -0.0 1.0 NaN NaN NaN NaN 0.0 0.0 NaN 0.0 0.0 
2.0 18.0 2.5714288 170.0 7.0 80.0 110.0 95.0 1.0 0.0 0.0 0.5 39.14833 0.0 Infinity 147.44923 66.2021 0.0 0.0 0.0 0.0 0.0 0.0 0.0 NaN NaN NaN NaN NaN 0.0 -0.0 1.0 NaN NaN NaN NaN 0.0 0.0 NaN 0.0 0.0 
1.0 5.0 1.0 60.0 2.0 95.0 95.0 95.0 0.0 1.0 0.0 0.0 NaN NaN 1.0 113.08829 163.20955 0.0 0.0 0.0 0.0 0.0 0.0 0.0 NaN NaN NaN NaN NaN 0.0 -0.0 1.0 NaN NaN NaN 0.0 0.0 0.0 NaN 0.0 0.0 
11.0 76.0 11.333334 800.0 29.0 60.0 110.0 87.72727 0.6363636 0.36363637 0.18181819 0.27272728 3974.0962 1170.1405 3.3962555 120.60096 88.482086 0.0 0.0 0.0 0.0 0.0 0.0 0.0 NaN NaN NaN NaN NaN 0.0 -0.0 1.0 NaN NaN NaN NaN 0.0 0.0 NaN 0.0 0.0 
3.0 26.0 3.7142859 260.0 10.0 80.0 110.0 100.0 1.0 0.0 0.0 0.6666667 1921.623 297.8935 6.450705 150.64888 142.5453 0.0 0.0 0.0 0.0 0.0 0.0 0.0 NaN NaN NaN NaN NaN 0.0 -0.0 1.0 NaN NaN NaN NaN 0.0 0.0 NaN 0.0 0.0 
0.0 0.0 0.0 0.0 0.0 0.0 0.0 NaN NaN NaN NaN NaN 0.0 -0.0 1.0 NaN NaN 0.0 0.0 0.0 0.0 0.0 0.0 0.0 NaN NaN NaN NaN NaN 0.0 -0.0 1.0 NaN NaN NaN 0.0 0.0 NaN NaN 0.0 0.0 
16.0 94.0 13.142858 1130.0 34.0 60.0 110.0 84.6875 0.625 0.375 0.375 0.375 4407.741 1764.6036 2.4978647 90.73132 88.07622 0.0 0.0 0.0 0.0 0.0 0.0 0.0 NaN NaN NaN NaN NaN 0.0 -0.0 1.0 NaN NaN NaN NaN 0.0 0.0 NaN 0.0 0.0 
11.0 44.0 6.7619047 750.0 19.0 60.0 110.0 90.454544 0.6363636 0.36363637 0.45454547 0.6363636 3952.3813 1446.474 2.7324247 128.94014 100.30491 0.0 0.0 0.0 0.0 0.0 0.0 0.0 NaN NaN NaN NaN NaN 0.0 -0.0 1.0 NaN NaN NaN NaN 0.0 0.0 NaN 0.0 0.0 
2.0 13.0 1.4761906 150.0 3.0 60.0 110.0 85.0 0.5 0.5 0.5 0.5 100.10641 0.0 Infinity 77.8777 124.90897 0.0 0.0 0.0 0.0 0.0 0.0 0.0 NaN NaN NaN NaN NaN 0.0 -0.0 1.0 NaN NaN NaN NaN 0.0 0.0 NaN 0.0 0.0 
