7.0 70.0 10.000001 560.0 28.0 80.0 80.0 80.0 1.0 0.0 0.0 0.0 5130.709 2580.1797 1.9885083 90.7907 123.50448 7.0 70.0 10.000001 560.0 28.0 80.0 80.0 80.0 1.0 0.0 0.0 0.0 4616.575 2991.792 1.5430802 118.743546 105.59096 33.200233 0.8506956 0.72808194 0.0 0.0 0.0 0.0 
7.0 70.0 10.000001 560.0 28.0 80.0 80.0 80.0 1.0 0.0 0.0 0.0 2635.1567 1516.4868 1.7376721 97.245 138.00266 6.0 60.0 8.571429 480.0 24.0 80.0 80.0 80.0 1.0 0.0 0.0 0.0 5175.2344 2437.3577 2.123297 98.65808 79.905815 58.114025 0.87239254 0.5723085 0.0 0.0 0.0 0.0 
3.0 30.0 4.285714 240.0 12.0 80.0 80.0 80.0 1.0 0.0 0.0 0.0 5186.051 163.61792 31.696106 83.67321 110.552734 3.0 30.0 4.285714 240.0 12.0 80.0 80.0 80.0 1.0 0.0 0.0 0.0 6558.6323 206.76172 31.720728 110.792786 71.61595 47.450443 0.86973214 0.44871598 0.0 0.0 0.0 0.0 
1.0 10.0 1.4285715 80.0 4.0 80.0 80.0 80.0 1.0 0.0 0.0 0.0 NaN NaN 1.0 8.870751 66.74372 0.0 0.0 0.0 0.0 0.0 0.0 0.0 NaN NaN NaN NaN NaN 0.0 -0.0 1.0 NaN NaN NaN 0.0 0.0 0.0 NaN 0.0 0.0 
8.0 80.0 11.428573 640.0 32.0 80.0 80.0 80.0 1.0 0.0 0.0 0.0 5003.723 3415.524 1.4649943 133.77072 113.21187 8.0 80.0 11.428573 640.0 32.0 80.0 80.0 80.0 1.0 0.0 0.0 0.0 5394.4663 2862.5024 1.8845282 87.979576 115.99576 45.87569 0.7973511 0.66745937 0.0 0.0 0.0 0.0 
9.0 90.0 12.857144 720.0 36.0 80.0 80.0 80.0 1.0 0.0 0.0 0.0 3007.1895 1734.9448 1.7333056 110.13942 89.99628 8.0 80.0 11.428573 640.0 32.0 80.0 80.0 80.0 1.0 0.0 0.0 0.0 2798.9307 2120.7773 1.3197664 94.400635 114.37451 29.017368 0.92150897 0.72157836 0.0 0.0 0.0 0.0 
8.0 80.0 11.428573 640.0 32.0 80.0 80.0 80.0 1.0 0.0 0.0 0.0 4845.9507 1005.5475 4.8192163 112.24453 59.666004 9.0 90.0 12.857144 720.0 36.0 80.0 80.0 80.0 1.0 0.0 0.0 0.0 5457.548 2922.5078 1.8674195 104.78442 114.758095 55.59489 0.9131259 0.9131259 0.0 0.0 0.0 0.0 
7.0 70.0 10.000001 560.0 28.0 80.0 80.0 80.0 1.0 0.0 0.0 0.0 7814.7056 1755.6265 4.451235 115.08466 133.8836 3.0 30.0 4.285714 240.0 12.0 80.0 80.0 80.0 1.0 0.0 0.0 0.0 2422.4382 612.79126 3.9531214 45.606586 101.88969 76.49061 0.41409636 0.20121473 0.0 0.0 0.0 0.0 
6.0 60.0 8.571429 480.0 24.0 80.0 80.0 80.0 1.0 0.0 0.0 0.0 7223.618 2422.8066 2.9815083 88.78153 93.23376 10.0 100.0 14.285716 800.0 40.0 80.0 80.0 80.0 1.0 0.0 0.0 0.0 4068.5312 985.8778 4.126811 87.01946 90.34427 3.3843806 0.9289659 0.69437104 0.0 0.0 0.0 0.0 
1.0 10.0 1.4285715 80.0 4.0 80.0 80.0 80.0 1.0 0.0 0.0 0.0 NaN NaN 1.0 41.242123 127.97036 1.0 10.0 1.4285715 80.0 4.0 80.0 80.0 80.0 1.0 0.0 0.0 0.0 NaN NaN 1.0 124.67416 182.14424 99.4772 0.0 0.0 0.0 0.0 0.0 0.0 
