6.0 44.0 6.285714 490.0 18.0 80.0 110.0 95.0 1.0 0.0 0.16666667 0.6666667 9596.605 4146.793 2.3142235 301.94565 332.16113 0.0 0.0 0.0 0.0 0.0 0.0 0.0 NaN NaN NaN NaN NaN 0.0 -0.0 1.0 NaN NaN NaN NaN 0.0 0.0 NaN 0.0 0.0 
11.0 56.0 6.3809524 740.0 14.0 60.0 110.0 77.72727 0.45454547 0.54545456 0.6363636 0.36363637 16962.436 6014.98 2.820032 278.24283 300.3132 0.0 0.0 0.0 0.0 0.0 0.0 0.0 NaN NaN NaN NaN NaN 0.0 -0.0 1.0 NaN NaN NaN NaN 0.0 0.0 NaN 0.0 0.0 
13.0 84.0 9.619049 910.0 19.0 60.0 110.0 77.30769 0.3846154 0.61538464 0.53846157 0.23076923 26505.902 13218.887 2.005154 313.45337 204.23679 0.0 0.0 0.0 0.0 0.0 0.0 0.0 NaN NaN NaN NaN NaN 0.0 -0.0 1.0 NaN NaN NaN NaN 0.0 0.0 NaN 0.0 0.0 
12.0 58.0 8.0 790.0 20.0 60.0 110.0 81.25 0.5 0.5 0.5 0.33333334 19508.773 12734.271 1.5319898 168.11461 327.07117 0.0 0.0 0.0 0.0 0.0 0.0 0.0 NaN NaN NaN NaN NaN 0.0 -0.0 1.0 NaN NaN NaN NaN 0.0 0.0 NaN 0.0 0.0 
4.0 21.0 2.6190476 300.0 7.0 60.0 110.0 90.0 0.75 0.25 0.5 0.75 36566.406 9452.662 3.8683712 188.13556 131.22281 0.0 0.0 0.0 0.0 0.0 0.0 0.0 NaN NaN NaN NaN NaN 0.0 -0.0 1.0 NaN NaN NaN NaN 0.0 0.0 NaN 0.0 0.0 
11.0 72.0 10.666667 800.0 24.0 60.0 110.0 92.72727 0.45454547 0.54545456 0.18181819 0.36363637 37322.5 16594.4 2.249102 212.81807 244.21727 0.0 0.0 0.0 0.0 0.0 0.0 0.0 NaN NaN NaN NaN NaN 0.0 -0.0 1.0 NaN NaN NaN NaN 0.0 0.0 NaN 0.0 0.0 
1.0 0.0 0.0 60.0 1.0 80.0 80.0 80.0 1.0 0.0 1.0 1.0 NaN NaN 1.0 258.35117 173.55383 0.0 0.0 0.0 0.0 0.0 0.0 0.0 NaN NaN NaN NaN NaN 0.0 -0.0 1.0 NaN NaN NaN 0.0 0.0 0.0 NaN 0.0 0.0 
10.0 63.0 8.52381 710.0 23.0 60.0 110.0 80.5 0.7 0.3 0.4 0.3 25682.486 19308.209 1.330133 160.68394 220.5798 0.0 0.0 0.0 0.0 0.0 0.0 0.0 NaN NaN NaN NaN NaN 0.0 -0.0 1.0 NaN NaN NaN NaN 0.0 0.0 NaN 0.0 0.0 
15.0 87.0 13.857144 1080.0 37.0 80.0 110.0 93.0 0.6666667 0.33333334 0.2 0.46666667 25195.172 15846.305 1.5899714 225.92636 318.046 0.0 0.0 0.0 0.0 0.0 0.0 0.0 NaN NaN NaN NaN NaN 0.0 -0.0 1.0 NaN NaN NaN NaN 0.0 0.0 NaN 0.0 0.0 
17.0 104.0 13.904762 1210.0 36.0 60.0 110.0 82.35294 0.64705884 0.3529412 0.4117647 0.3529412 24189.402 19012.566 1.272285 296.40356 250.07727 0.0 0.0 0.0 0.0 0.0 0.0 0.0 NaN NaN NaN NaN NaN 0.0 -0.0 1.0 NaN NaN NaN NaN 0.0 0.0 NaN 0.0 0.0 
