6.0 45.0 7.285714 420.0 18.0 80.0 95.0 87.5 0.5 0.5 0.0 0.0 17555.84 6146.6855 2.8561473 293.8795 151.03929 0.0 0.0 0.0 0.0 0.0 0.0 0.0 NaN NaN NaN NaN NaN 0.0 -0.0 1.0 NaN NaN NaN NaN 0.0 0.0 NaN 0.0 0.0 
9.0 42.0 5.2380953 660.0 15.0 60.0 110.0 88.888885 0.7777778 0.22222222 0.5555556 0.7777778 26919.576 19296.354 1.3950603 214.33524 318.17078 0.0 0.0 0.0 0.0 0.0 0.0 0.0 NaN NaN NaN NaN NaN 0.0 -0.0 1.0 NaN NaN NaN NaN 0.0 0.0 NaN 0.0 0.0 
9.0 48.0 6.761905 630.0 20.0 60.0 110.0 82.77778 0.7777778 0.22222222 0.44444445 0.44444445 32877.805 12520.272 2.6259656 201.76888 336.45813 0.0 0.0 0.0 0.0 0.0 0.0 0.0 NaN NaN NaN NaN NaN 0.0 -0.0 1.0 NaN NaN NaN NaN 0.0 0.0 NaN 0.0 0.0 
13.0 71.0 10.333334 920.0 30.0 60.0 110.0 85.38461 0.7692308 0.23076923 0.3846154 0.46153846 21068.438 15566.648 1.3534344 221.8039 250.13539 0.0 0.0 0.0 0.0 0.0 0.0 0.0 NaN NaN NaN NaN NaN 0.0 -0.0 1.0 NaN NaN NaN NaN 0.0 0.0 NaN 0.0 0.0 
8.0 41.0 4.714286 560.0 12.0 60.0 110.0 80.0 0.625 0.375 0.625 0.5 38547.74 21290.637 1.8105489 240.1561 159.30043 0.0 0.0 0.0 0.0 0.0 0.0 0.0 NaN NaN NaN NaN NaN 0.0 -0.0 1.0 NaN NaN NaN NaN 0.0 0.0 NaN 0.0 0.0 
18.0 111.0 14.52381 1260.0 37.0 60.0 110.0 79.44444 0.6111111 0.3888889 0.44444445 0.2777778 24920.809 13038.278 1.9113573 263.26224 221.79962 0.0 0.0 0.0 0.0 0.0 0.0 0.0 NaN NaN NaN NaN NaN 0.0 -0.0 1.0 NaN NaN NaN NaN 0.0 0.0 NaN 0.0 0.0 
1.0 0.0 0.0 60.0 1.0 80.0 80.0 80.0 1.0 0.0 1.0 1.0 NaN NaN 1.0 126.54167 258.64426 0.0 0.0 0.0 0.0 0.0 0.0 0.0 NaN NaN NaN NaN NaN 0.0 -0.0 1.0 NaN NaN NaN 0.0 0.0 0.0 NaN 0.0 0.0 
0.0 0.0 0.0 0.0 0.0 0.0 0.0 NaN NaN NaN NaN NaN 0.0 -0.0 1.0 NaN NaN 0.0 0.0 0.0 0.0 0.0 0.0 0.0 NaN NaN NaN NaN NaN 0.0 -0.0 1.0 NaN NaN NaN 0.0 0.0 NaN NaN 0.0 0.0 
0.0 0.0 0.0 0.0 0.0 0.0 0.0 NaN NaN NaN NaN NaN 0.0 -0.0 1.0 NaN NaN 0.0 0.0 0.0 0.0 0.0 0.0 0.0 NaN NaN NaN NaN NaN 0.0 -0.0 1.0 NaN NaN NaN 0.0 0.0 NaN NaN 0.0 0.0 
6.0 48.0 6.7619047 450.0 17.0 60.0 110.0 84.166664 0.6666667 0.33333334 0.16666667 0.16666667 28115.629 8964.164 3.1364474 148.50812 169.99788 0.0 0.0 0.0 0.0 0.0 0.0 0.0 NaN NaN NaN NaN NaN 0.0 -0.0 1.0 NaN NaN NaN NaN 0.0 0.0 NaN 0.0 0.0 
