7.0 70.0 10.000001 560.0 28.0 80.0 80.0 80.0 1.0 0.0 0.0 0.0 2843.016 1240.5591 2.2917216 59.645943 95.619316 3.0 30.0 4.285714 240.0 12.0 80.0 80.0 80.0 1.0 0.0 0.0 0.0 15821.792 604.3369 26.180416 99.07278 132.66246 54.098705 0.5718074 0.40058553 0.0 0.0 0.0 0.0 
2.0 20.0 2.857143 160.0 8.0 80.0 80.0 80.0 1.0 0.0 0.0 0.0 3340.8877 0.0 Infinity 39.226364 59.872437 2.0 20.0 2.857143 160.0 8.0 80.0 80.0 80.0 1.0 0.0 0.0 0.0 15246.492 0.0 Infinity 102.76941 79.94238 66.63724 0.3545122 0.31668815 0.0 0.0 0.0 0.0 
7.0 70.0 10.000001 560.0 28.0 80.0 80.0 80.0 1.0 0.0 0.0 0.0 2139.0806 1164.7988 1.8364378 97.645195 59.86655 11.0 110.0 15.714288 880.0 44.0 80.0 80.0 80.0 1.0 0.0 0.0 0.0 5994.68 1238.1636 4.84159 128.68974 88.44631 42.196762 0.66088974 0.47617263 0.0 0.0 0.0 0.0 
6.0 60.0 8.571429 480.0 24.0 80.0 80.0 80.0 1.0 0.0 0.0 0.0 3766.127 183.32532 20.54341 76.22404 57.08196 7.0 70.0 10.000001 560.0 28.0 80.0 80.0 80.0 1.0 0.0 0.0 0.0 4512.709 3704.7385 1.2180911 93.04846 84.140366 31.862497 0.68692386 0.68692386 0.0 0.0 0.0 0.0 
7.0 70.0 10.000001 560.0 28.0 80.0 80.0 80.0 1.0 0.0 0.0 0.0 3843.7139 2604.939 1.4755485 101.56453 128.68788 3.0 30.0 4.285714 240.0 12.0 80.0 80.0 80.0 1.0 0.0 0.0 0.0 7005.8887 318.0244 22.029406 83.65924 69.8299 61.521225 0.61027795 0.32132545 0.0 0.0 0.0 0.0 
3.0 30.0 4.285714 240.0 12.0 80.0 80.0 80.0 1.0 0.0 0.0 0.0 1344.8918 35.59247 37.785854 91.867455 17.316036 2.0 20.0 2.857143 160.0 8.0 80.0 80.0 80.0 1.0 0.0 0.0 0.0 1946.2866 0.0 Infinity 75.94411 106.96036 91.04755 0.11646946 0.02910979 0.0 0.0 0.0 0.0 
8.0 80.0 11.428573 640.0 32.0 80.0 80.0 80.0 1.0 0.0 0.0 0.0 3725.6023 3122.885 1.1930002 114.14297 112.63195 6.0 60.0 8.571429 480.0 24.0 80.0 80.0 80.0 1.0 0.0 0.0 0.0 3341.7969 1656.1138 2.0178547 152.3041 121.07242 39.08341 0.68034965 0.5053897 0.0 0.0 0.0 0.0 
3.0 30.0 4.285714 240.0 12.0 80.0 80.0 80.0 1.0 0.0 0.0 0.0 8198.002 170.89697 47.970432 89.05964 110.035736 5.0 50.0 7.1428576 400.0 20.0 80.0 80.0 80.0 1.0 0.0 0.0 0.0 5208.839 1164.1603 4.4743314 89.36874 122.97526 12.943213 0.8114507 0.6363484 0.0 0.0 0.0 0.0 
3.0 30.0 4.285714 240.0 12.0 80.0 80.0 80.0 1.0 0.0 0.0 0.0 17225.104 251.46289 68.49959 70.89942 82.68075 3.0 30.0 4.285714 240.0 12.0 80.0 80.0 80.0 1.0 0.0 0.0 0.0 3470.4468 761.8082 4.5555387 133.32144 128.97198 77.71349 0.55577606 0.18839985 0.0 0.0 0.0 0.0 
7.0 70.0 10.000001 560.0 28.0 80.0 80.0 80.0 1.0 0.0 0.0 0.0 5143.2583 402.521 12.777615 107.67732 95.54829 7.0 70.0 10.000001 560.0 28.0 80.0 80.0 80.0 1.0 0.0 0.0 0.0 4491.16 1660.2352 2.7051349 117.531395 54.447945 42.265125 0.56890947 0.50258553 0.0 0.0 0.0 0.0 
