10.0 51.0 7.3809524 680.0 18.0 60.0 110.0 86.5 0.5 0.5 0.4 0.4 3592.165 2337.8638 1.536516 84.47183 133.75894 0.0 0.0 0.0 0.0 0.0 0.0 0.0 NaN NaN NaN NaN NaN 0.0 -0.0 1.0 NaN NaN NaN NaN 0.0 0.0 NaN 0.0 0.0 
16.0 64.0 11.428572 1050.0 30.0 80.0 110.0 93.125 0.5 0.5 0.3125 0.5 3527.0027 2640.3733 1.335797 100.56348 104.0405 0.0 0.0 0.0 0.0 0.0 0.0 0.0 NaN NaN NaN NaN NaN 0.0 -0.0 1.0 NaN NaN NaN NaN 0.0 0.0 NaN 0.0 0.0 
9.0 46.0 7.047619 620.0 18.0 60.0 110.0 89.44444 0.5555556 0.44444445 0.33333334 0.44444445 4700.654 2870.1392 1.6377791 116.82144 103.72354 0.0 0.0 0.0 0.0 0.0 0.0 0.0 NaN NaN NaN NaN NaN 0.0 -0.0 1.0 NaN NaN NaN NaN 0.0 0.0 NaN 0.0 0.0 
13.0 81.0 12.238096 900.0 29.0 60.0 110.0 87.30769 0.46153846 0.53846157 0.23076923 0.23076923 5587.1074 1740.5452 3.2099755 90.0455 104.64746 0.0 0.0 0.0 0.0 0.0 0.0 0.0 NaN NaN NaN NaN NaN 0.0 -0.0 1.0 NaN NaN NaN NaN 0.0 0.0 NaN 0.0 0.0 
12.0 69.0 9.285715 850.0 23.0 60.0 110.0 85.0 0.5833333 0.41666666 0.41666666 0.41666666 3376.1865 1732.3838 1.9488676 101.39358 106.380066 0.0 0.0 0.0 0.0 0.0 0.0 0.0 NaN NaN NaN NaN NaN 0.0 -0.0 1.0 NaN NaN NaN NaN 0.0 0.0 NaN 0.0 0.0 
13.0 66.0 8.380953 860.0 18.0 60.0 110.0 80.38461 0.3846154 0.61538464 0.53846157 0.30769232 5330.1143 2293.1062 2.324408 121.98889 70.550224 0.0 0.0 0.0 0.0 0.0 0.0 0.0 NaN NaN NaN NaN NaN 0.0 -0.0 1.0 NaN NaN NaN NaN 0.0 0.0 NaN 0.0 0.0 
16.0 118.0 16.761906 1260.0 46.0 60.0 110.0 90.9375 0.875 0.125 0.1875 0.5 4774.0547 3125.4421 1.5274814 120.076584 101.670784 0.0 0.0 0.0 0.0 0.0 0.0 0.0 NaN NaN NaN NaN NaN 0.0 -0.0 1.0 NaN NaN NaN NaN 0.0 0.0 NaN 0.0 0.0 
13.0 81.0 11.095239 1010.0 29.0 60.0 110.0 94.23077 0.7692308 0.23076923 0.30769232 0.6923077 3734.9727 1154.0508 3.2364023 54.471073 87.83724 0.0 0.0 0.0 0.0 0.0 0.0 0.0 NaN NaN NaN NaN NaN 0.0 -0.0 1.0 NaN NaN NaN NaN 0.0 0.0 NaN 0.0 0.0 
0.0 0.0 0.0 0.0 0.0 0.0 0.0 NaN NaN NaN NaN NaN 0.0 -0.0 1.0 NaN NaN 0.0 0.0 0.0 0.0 0.0 0.0 0.0 NaN NaN NaN NaN NaN 0.0 -0.0 1.0 NaN NaN NaN 0.0 0.0 NaN NaN 0.0 0.0 
21.0 105.0 13.571429 1450.0 34.0 60.0 110.0 83.57143 0.5714286 0.42857143 0.52380955 0.47619048 4967.8926 2894.5627 1.7162843 86.13412 96.25511 0.0 0.0 0.0 0.0 0.0 0.0 0.0 NaN NaN NaN NaN NaN 0.0 -0.0 1.0 NaN NaN NaN NaN 0.0 0.0 NaN 0.0 0.0 
