7.0 70.0 10.000001 560.0 28.0 80.0 80.0 80.0 1.0 0.0 0.0 0.0 4126.424 1998.1233 2.0651498 111.37709 96.40995 11.0 110.0 15.714288 880.0 44.0 80.0 80.0 80.0 1.0 0.0 0.0 0.0 4392.548 3065.678 1.4328145 126.26624 92.31656 15.44159 0.86602783 0.7543998 0.0 0.0 0.0 0.0 
5.0 50.0 7.1428576 400.0 20.0 80.0 80.0 80.0 1.0 0.0 0.0 0.0 4892.4473 2411.8354 2.0285163 73.97371 119.5764 6.0 60.0 8.571429 480.0 24.0 80.0 80.0 80.0 1.0 0.0 0.0 0.0 4228.1733 2539.2954 1.6650971 149.8459 88.81836 81.86969 0.55772305 0.5429785 0.0 0.0 0.0 0.0 
2.0 20.0 2.857143 160.0 8.0 80.0 80.0 80.0 1.0 0.0 0.0 0.0 4173.3857 0.0 Infinity 192.24785 53.63318 4.0 40.0 5.714286 320.0 16.0 80.0 80.0 80.0 1.0 0.0 0.0 0.0 8221.748 3810.7322 2.1575246 81.368965 107.85363 123.426025 0.24529356 0.24529356 0.0 0.0 0.0 0.0 
9.0 90.0 12.857144 720.0 36.0 80.0 80.0 80.0 1.0 0.0 0.0 0.0 3337.7869 1342.553 2.486149 130.20537 115.0963 9.0 90.0 12.857144 720.0 36.0 80.0 80.0 80.0 1.0 0.0 0.0 0.0 4285.0645 758.9363 5.6461453 134.27974 92.34819 23.110106 0.9213948 0.9213948 0.0 0.0 0.0 0.0 
3.0 30.0 4.285714 240.0 12.0 80.0 80.0 80.0 1.0 0.0 0.0 0.0 4541.245 1426.5624 3.1833484 50.341633 50.650257 3.0 30.0 4.285714 240.0 12.0 80.0 80.0 80.0 1.0 0.0 0.0 0.0 391.9156 178.09541 2.2005935 169.58676 63.855698 119.974106 0.1476493 0.04226028 0.0 0.0 0.0 0.0 
4.0 40.0 5.714286 320.0 16.0 80.0 80.0 80.0 1.0 0.0 0.0 0.0 8112.049 2125.705 3.8161685 99.339294 94.325485 4.0 40.0 5.714286 320.0 16.0 80.0 80.0 80.0 1.0 0.0 0.0 0.0 5612.511 859.7168 6.5283256 130.36823 128.22173 45.953777 0.7293651 0.4469338 0.0 0.0 0.0 0.0 
3.0 30.0 4.285714 240.0 12.0 80.0 80.0 80.0 1.0 0.0 0.0 0.0 1925.8152 1225.6086 1.5713133 79.07047 79.44519 5.0 50.0 7.1428576 400.0 20.0 80.0 80.0 80.0 1.0 0.0 0.0 0.0 6561.417 910.50024 7.206387 112.79315 125.99001 57.477295 0.39110494 0.39110494 0.0 0.0 0.0 0.0 
0.0 0.0 0.0 0.0 0.0 0.0 0.0 NaN NaN NaN NaN NaN 0.0 -0.0 1.0 NaN NaN 0.0 0.0 0.0 0.0 0.0 0.0 0.0 NaN NaN NaN NaN NaN 0.0 -0.0 1.0 NaN NaN NaN 0.0 0.0 NaN NaN 0.0 0.0 
0.0 0.0 0.0 0.0 0.0 0.0 0.0 NaN NaN NaN NaN NaN 0.0 -0.0 1.0 NaN NaN 0.0 0.0 0.0 0.0 0.0 0.0 0.0 NaN NaN NaN NaN NaN 0.0 -0.0 1.0 NaN NaN NaN 0.0 0.0 NaN NaN 0.0 0.0 
9.0 90.0 12.857144 720.0 36.0 80.0 80.0 80.0 1.0 0.0 0.0 0.0 3176.0605 2835.3086 1.1201816 104.66995 86.53225 5.0 50.0 7.1428576 400.0 20.0 80.0 80.0 80.0 1.0 0.0 0.0 0.0 2720.8403 897.1101 3.0328946 119.75436 89.88693 15.452933 0.98989666 0.6799475 0.0 0.0 0.0 0.0 
