5.0 15.0 1.0 300.0 2.0 60.0 80.0 68.0 0.4 0.6 1.0 0.4 7995.951 631.05396 12.670789 138.86667 115.28384 0.0 0.0 0.0 0.0 0.0 0.0 0.0 NaN NaN NaN NaN NaN 0.0 -0.0 1.0 NaN NaN NaN NaN 0.0 0.0 NaN 0.0 0.0 
2.0 5.0 0.33333334 120.0 1.0 60.0 80.0 70.0 0.5 0.5 1.0 0.5 1527.0461 0.0 Infinity 164.75607 102.56094 0.0 0.0 0.0 0.0 0.0 0.0 0.0 NaN NaN NaN NaN NaN 0.0 -0.0 1.0 NaN NaN NaN NaN 0.0 0.0 NaN 0.0 0.0 
5.0 25.0 4.4285717 320.0 11.0 80.0 95.0 89.0 0.4 0.6 0.2 0.2 7748.2754 1546.9854 5.008629 129.96461 124.064575 0.0 0.0 0.0 0.0 0.0 0.0 0.0 NaN NaN NaN NaN NaN 0.0 -0.0 1.0 NaN NaN NaN NaN 0.0 0.0 NaN 0.0 0.0 
7.0 41.0 6.142857 520.0 18.0 80.0 110.0 90.71429 0.85714287 0.14285715 0.2857143 0.5714286 5807.4004 3039.8672 1.9104125 94.3366 70.67756 0.0 0.0 0.0 0.0 0.0 0.0 0.0 NaN NaN NaN NaN NaN 0.0 -0.0 1.0 NaN NaN NaN NaN 0.0 0.0 NaN 0.0 0.0 
17.0 98.0 14.380954 1240.0 37.0 60.0 110.0 91.76471 0.64705884 0.3529412 0.29411766 0.5294118 2730.164 2398.6553 1.1382061 88.598175 113.151344 0.0 0.0 0.0 0.0 0.0 0.0 0.0 NaN NaN NaN NaN NaN 0.0 -0.0 1.0 NaN NaN NaN NaN 0.0 0.0 NaN 0.0 0.0 
1.0 10.0 1.4285715 80.0 4.0 80.0 80.0 80.0 1.0 0.0 0.0 0.0 NaN NaN 1.0 118.46117 175.41739 0.0 0.0 0.0 0.0 0.0 0.0 0.0 NaN NaN NaN NaN NaN 0.0 -0.0 1.0 NaN NaN NaN 0.0 0.0 0.0 NaN 0.0 0.0 
12.0 57.0 9.0 860.0 26.0 80.0 110.0 93.75 0.75 0.25 0.33333334 0.6666667 3696.9912 2803.291 1.3188039 66.26369 68.03757 0.0 0.0 0.0 0.0 0.0 0.0 0.0 NaN NaN NaN NaN NaN 0.0 -0.0 1.0 NaN NaN NaN NaN 0.0 0.0 NaN 0.0 0.0 
12.0 74.0 10.380954 870.0 27.0 60.0 110.0 86.666664 0.6666667 0.33333334 0.33333334 0.41666666 4513.7275 1766.2013 2.5556133 115.62957 113.2718 0.0 0.0 0.0 0.0 0.0 0.0 0.0 NaN NaN NaN NaN NaN 0.0 -0.0 1.0 NaN NaN NaN NaN 0.0 0.0 NaN 0.0 0.0 
9.0 51.0 6.04762 620.0 13.0 60.0 110.0 79.44444 0.44444445 0.5555556 0.5555556 0.33333334 4235.702 991.9968 4.2698746 101.81519 91.74771 0.0 0.0 0.0 0.0 0.0 0.0 0.0 NaN NaN NaN NaN NaN 0.0 -0.0 1.0 NaN NaN NaN NaN 0.0 0.0 NaN 0.0 0.0 
16.0 100.0 13.333334 1170.0 33.0 60.0 110.0 86.25 0.625 0.375 0.375 0.4375 3957.736 3098.2131 1.2774254 84.50419 104.404526 0.0 0.0 0.0 0.0 0.0 0.0 0.0 NaN NaN NaN NaN NaN 0.0 -0.0 1.0 NaN NaN NaN NaN 0.0 0.0 NaN 0.0 0.0 
