8.0 52.0 7.2380953 600.0 16.0 60.0 110.0 93.75 0.5 0.5 0.25 0.5 6138.989 2914.0767 2.1066668 86.225945 102.147385 0.0 0.0 0.0 0.0 0.0 0.0 0.0 NaN NaN NaN NaN NaN 0.0 -0.0 1.0 NaN NaN NaN NaN 0.0 0.0 NaN 0.0 0.0 
8.0 50.0 6.380953 560.0 18.0 60.0 80.0 75.0 0.75 0.25 0.5 0.25 5384.916 3007.6956 1.7903794 96.912125 112.86888 0.0 0.0 0.0 0.0 0.0 0.0 0.0 NaN NaN NaN NaN NaN 0.0 -0.0 1.0 NaN NaN NaN NaN 0.0 0.0 NaN 0.0 0.0 
18.0 95.0 13.000001 1290.0 36.0 60.0 110.0 86.666664 0.7222222 0.2777778 0.44444445 0.5555556 3353.8354 3156.351 1.0625674 78.52908 92.68049 0.0 0.0 0.0 0.0 0.0 0.0 0.0 NaN NaN NaN NaN NaN 0.0 -0.0 1.0 NaN NaN NaN NaN 0.0 0.0 NaN 0.0 0.0 
6.0 43.0 6.333333 430.0 15.0 60.0 110.0 86.666664 0.5 0.5 0.16666667 0.16666667 344.2366 248.63081 1.3845291 92.01525 116.68902 0.0 0.0 0.0 0.0 0.0 0.0 0.0 NaN NaN NaN NaN NaN 0.0 -0.0 1.0 NaN NaN NaN NaN 0.0 0.0 NaN 0.0 0.0 
21.0 122.0 16.285713 1460.0 39.0 60.0 110.0 82.85714 0.52380955 0.47619048 0.42857143 0.33333334 5339.505 3607.7473 1.4800107 88.42069 91.67267 0.0 0.0 0.0 0.0 0.0 0.0 0.0 NaN NaN NaN NaN NaN 0.0 -0.0 1.0 NaN NaN NaN NaN 0.0 0.0 NaN 0.0 0.0 
15.0 97.0 14.1428585 1140.0 42.0 80.0 110.0 89.0 0.93333334 0.06666667 0.26666668 0.53333336 5271.4126 3020.4702 1.7452291 93.212944 102.89259 0.0 0.0 0.0 0.0 0.0 0.0 0.0 NaN NaN NaN NaN NaN 0.0 -0.0 1.0 NaN NaN NaN NaN 0.0 0.0 NaN 0.0 0.0 
17.0 98.0 12.857143 1200.0 27.0 60.0 110.0 87.05882 0.4117647 0.5882353 0.4117647 0.4117647 4083.6184 2952.7585 1.3829842 91.398506 76.81857 0.0 0.0 0.0 0.0 0.0 0.0 0.0 NaN NaN NaN NaN NaN 0.0 -0.0 1.0 NaN NaN NaN NaN 0.0 0.0 NaN 0.0 0.0 
10.0 44.0 6.0952377 690.0 16.0 60.0 110.0 88.0 0.6 0.4 0.5 0.6 2678.5566 2284.539 1.1724714 107.82512 94.734726 0.0 0.0 0.0 0.0 0.0 0.0 0.0 NaN NaN NaN NaN NaN 0.0 -0.0 1.0 NaN NaN NaN NaN 0.0 0.0 NaN 0.0 0.0 
12.0 51.0 6.809524 820.0 21.0 60.0 110.0 82.916664 0.75 0.25 0.5833333 0.5833333 6401.3184 2526.761 2.5334086 113.249886 107.36791 0.0 0.0 0.0 0.0 0.0 0.0 0.0 NaN NaN NaN NaN NaN 0.0 -0.0 1.0 NaN NaN NaN NaN 0.0 0.0 NaN 0.0 0.0 
4.0 5.0 1.0 240.0 5.0 80.0 95.0 83.75 0.75 0.25 0.75 0.75 9049.241 595.11523 15.205864 112.48268 90.28211 0.0 0.0 0.0 0.0 0.0 0.0 0.0 NaN NaN NaN NaN NaN 0.0 -0.0 1.0 NaN NaN NaN NaN 0.0 0.0 NaN 0.0 0.0 
