9.0 56.0 7.1428576 640.0 17.0 60.0 110.0 81.666664 0.5555556 0.44444445 0.44444445 0.33333334 3625.938 364.71924 9.941724 33.07665 112.135 0.0 0.0 0.0 0.0 0.0 0.0 0.0 NaN NaN NaN NaN NaN 0.0 -0.0 1.0 NaN NaN NaN NaN 0.0 0.0 NaN 0.0 0.0 
0.0 0.0 0.0 0.0 0.0 0.0 0.0 NaN NaN NaN NaN NaN 0.0 -0.0 1.0 NaN NaN 0.0 0.0 0.0 0.0 0.0 0.0 0.0 NaN NaN NaN NaN NaN 0.0 -0.0 1.0 NaN NaN NaN 0.0 0.0 NaN NaN 0.0 0.0 
11.0 59.0 7.857143 770.0 19.0 60.0 110.0 85.454544 0.54545456 0.45454547 0.45454547 0.45454547 6466.795 2705.3098 2.3904083 92.75971 99.43362 0.0 0.0 0.0 0.0 0.0 0.0 0.0 NaN NaN NaN NaN NaN 0.0 -0.0 1.0 NaN NaN NaN NaN 0.0 0.0 NaN 0.0 0.0 
19.0 110.0 16.0 1350.0 40.0 60.0 110.0 88.68421 0.57894737 0.42105263 0.31578946 0.42105263 3429.6855 2744.1553 1.2498146 105.64657 97.35256 0.0 0.0 0.0 0.0 0.0 0.0 0.0 NaN NaN NaN NaN NaN 0.0 -0.0 1.0 NaN NaN NaN NaN 0.0 0.0 NaN 0.0 0.0 
5.0 23.0 3.4761906 330.0 8.0 60.0 110.0 88.0 0.4 0.6 0.4 0.4 6688.452 2068.8313 3.2329617 81.42307 140.80026 0.0 0.0 0.0 0.0 0.0 0.0 0.0 NaN NaN NaN NaN NaN 0.0 -0.0 1.0 NaN NaN NaN NaN 0.0 0.0 NaN 0.0 0.0 
8.0 38.0 5.8095236 510.0 12.0 60.0 110.0 86.25 0.25 0.75 0.375 0.25 6612.573 2078.763 3.1810136 98.31815 105.21956 0.0 0.0 0.0 0.0 0.0 0.0 0.0 NaN NaN NaN NaN NaN 0.0 -0.0 1.0 NaN NaN NaN NaN 0.0 0.0 NaN 0.0 0.0 
2.0 0.0 0.0 120.0 2.0 80.0 80.0 80.0 1.0 0.0 1.0 1.0 6602.4116 0.0 Infinity 63.64269 58.26293 0.0 0.0 0.0 0.0 0.0 0.0 0.0 NaN NaN NaN NaN NaN 0.0 -0.0 1.0 NaN NaN NaN NaN 0.0 0.0 NaN 0.0 0.0 
1.0 8.0 1.1428572 90.0 3.0 110.0 110.0 110.0 1.0 0.0 0.0 1.0 NaN NaN 1.0 148.1941 158.23648 0.0 0.0 0.0 0.0 0.0 0.0 0.0 NaN NaN NaN NaN NaN 0.0 -0.0 1.0 NaN NaN NaN 0.0 0.0 0.0 NaN 0.0 0.0 
8.0 56.0 7.904762 600.0 21.0 60.0 110.0 86.875 0.75 0.25 0.25 0.375 4609.0737 2243.4224 2.0544832 105.15926 98.43985 0.0 0.0 0.0 0.0 0.0 0.0 0.0 NaN NaN NaN NaN NaN 0.0 -0.0 1.0 NaN NaN NaN NaN 0.0 0.0 NaN 0.0 0.0 
10.0 51.0 6.809524 700.0 19.0 60.0 110.0 83.5 0.7 0.3 0.5 0.5 3507.4255 2195.1018 1.5978419 119.416794 138.9747 0.0 0.0 0.0 0.0 0.0 0.0 0.0 NaN NaN NaN NaN NaN 0.0 -0.0 1.0 NaN NaN NaN NaN 0.0 0.0 NaN 0.0 0.0 
