16.0 81.0 11.000001 1170.0 29.0 60.0 110.0 91.25 0.6875 0.3125 0.4375 0.6875 22687.79 13121.18 1.7290968 278.3502 245.21057 0.0 0.0 0.0 0.0 0.0 0.0 0.0 NaN NaN NaN NaN NaN 0.0 -0.0 1.0 NaN NaN NaN NaN 0.0 0.0 NaN 0.0 0.0 
16.0 112.0 15.714288 1180.0 39.0 60.0 110.0 86.5625 0.625 0.375 0.25 0.3125 17803.328 11970.9375 1.4872125 283.68958 240.45302 0.0 0.0 0.0 0.0 0.0 0.0 0.0 NaN NaN NaN NaN NaN 0.0 -0.0 1.0 NaN NaN NaN NaN 0.0 0.0 NaN 0.0 0.0 
2.0 0.0 0.0 120.0 2.0 80.0 80.0 80.0 1.0 0.0 1.0 1.0 30459.66 0.0 Infinity 147.38919 370.60126 0.0 0.0 0.0 0.0 0.0 0.0 0.0 NaN NaN NaN NaN NaN 0.0 -0.0 1.0 NaN NaN NaN NaN 0.0 0.0 NaN 0.0 0.0 
7.0 31.0 3.952381 480.0 10.0 60.0 110.0 85.0 0.5714286 0.42857143 0.5714286 0.5714286 29658.5 551.64355 53.763885 283.1673 232.15768 0.0 0.0 0.0 0.0 0.0 0.0 0.0 NaN NaN NaN NaN NaN 0.0 -0.0 1.0 NaN NaN NaN NaN 0.0 0.0 NaN 0.0 0.0 
10.0 73.0 10.619048 730.0 28.0 60.0 110.0 84.0 0.7 0.3 0.2 0.2 32579.494 17332.771 1.8796471 181.36835 319.74582 0.0 0.0 0.0 0.0 0.0 0.0 0.0 NaN NaN NaN NaN NaN 0.0 -0.0 1.0 NaN NaN NaN NaN 0.0 0.0 NaN 0.0 0.0 
8.0 48.0 6.857143 590.0 22.0 80.0 110.0 83.75 1.0 0.0 0.375 0.5 33600.72 25902.74 1.2971878 250.86568 275.5944 0.0 0.0 0.0 0.0 0.0 0.0 0.0 NaN NaN NaN NaN NaN 0.0 -0.0 1.0 NaN NaN NaN NaN 0.0 0.0 NaN 0.0 0.0 
12.0 74.0 11.714286 870.0 31.0 80.0 110.0 92.5 0.6666667 0.33333334 0.16666667 0.41666666 20899.107 7703.721 2.7128587 220.0284 251.17558 0.0 0.0 0.0 0.0 0.0 0.0 0.0 NaN NaN NaN NaN NaN 0.0 -0.0 1.0 NaN NaN NaN NaN 0.0 0.0 NaN 0.0 0.0 
6.0 20.0 2.6666667 360.0 6.0 60.0 95.0 78.333336 0.33333334 0.6666667 0.6666667 0.33333334 33056.867 3061.8525 10.796362 299.80087 266.99054 0.0 0.0 0.0 0.0 0.0 0.0 0.0 NaN NaN NaN NaN NaN 0.0 -0.0 1.0 NaN NaN NaN NaN 0.0 0.0 NaN 0.0 0.0 
8.0 66.0 9.333333 620.0 24.0 60.0 110.0 86.875 0.75 0.25 0.125 0.25 17898.527 11215.042 1.5959394 212.85568 173.74585 0.0 0.0 0.0 0.0 0.0 0.0 0.0 NaN NaN NaN NaN NaN 0.0 -0.0 1.0 NaN NaN NaN NaN 0.0 0.0 NaN 0.0 0.0 
5.0 18.0 2.4761906 330.0 7.0 60.0 110.0 85.0 0.6 0.4 0.6 0.6 48031.08 19934.21 2.4094799 341.65 272.20404 0.0 0.0 0.0 0.0 0.0 0.0 0.0 NaN NaN NaN NaN NaN 0.0 -0.0 1.0 NaN NaN NaN NaN 0.0 0.0 NaN 0.0 0.0 
