8.0 80.0 11.428573 640.0 32.0 80.0 80.0 80.0 1.0 0.0 0.0 0.0 4636.093 4130.247 1.1224735 106.20035 67.4122 7.0 70.0 10.000001 560.0 28.0 80.0 80.0 80.0 1.0 0.0 0.0 0.0 4751.774 2385.8599 1.99164 115.15742 89.82806 24.139174 0.8030984 0.6523773 0.0 0.0 0.0 0.0 
5.0 50.0 7.1428576 400.0 20.0 80.0 80.0 80.0 1.0 0.0 0.0 0.0 4570.393 150.33008 30.402386 83.22215 61.289528 4.0 40.0 5.714286 320.0 16.0 80.0 80.0 80.0 1.0 0.0 0.0 0.0 2331.2551 681.98126 3.4183567 108.86859 67.45598 26.377356 0.5412394 0.4205777 0.0 0.0 0.0 0.0 
5.0 50.0 7.1428576 400.0 20.0 80.0 80.0 80.0 1.0 0.0 0.0 0.0 3484.5327 2844.3794 1.225059 95.1253 68.21537 1.0 10.0 1.4285715 80.0 4.0 80.0 80.0 80.0 1.0 0.0 0.0 0.0 NaN NaN 1.0 37.020092 55.466305 59.487423 0.44407737 0.0 0.0 0.0 0.0 0.0 
4.0 40.0 5.714286 320.0 16.0 80.0 80.0 80.0 1.0 0.0 0.0 0.0 5655.875 99.33911 56.935028 50.28095 123.52054 0.0 0.0 0.0 0.0 0.0 0.0 0.0 NaN NaN NaN NaN NaN 0.0 -0.0 1.0 NaN NaN NaN NaN 0.0 0.0 NaN 0.0 0.0 
3.0 30.0 4.285714 240.0 12.0 80.0 80.0 80.0 1.0 0.0 0.0 0.0 6075.48 3649.9604 1.6645331 111.026794 153.3059 3.0 30.0 4.285714 240.0 12.0 80.0 80.0 80.0 1.0 0.0 0.0 0.0 2994.1797 244.8136 12.230447 159.6371 143.03603 49.68332 0.4764232 0.24242747 0.0 0.0 0.0 0.0 
7.0 70.0 10.000001 560.0 28.0 80.0 80.0 80.0 1.0 0.0 0.0 0.0 5491.141 2664.5933 2.0607803 119.0227 72.551186 9.0 90.0 12.857144 720.0 36.0 80.0 80.0 80.0 1.0 0.0 0.0 0.0 5791.835 1184.5415 4.8895164 77.0477 108.44993 55.232418 0.79733753 0.79733753 0.0 0.0 0.0 0.0 
3.0 30.0 4.285714 240.0 12.0 80.0 80.0 80.0 1.0 0.0 0.0 0.0 7780.4653 0.09375 82991.63 88.123505 76.63633 5.0 50.0 7.1428576 400.0 20.0 80.0 80.0 80.0 1.0 0.0 0.0 0.0 5473.761 2692.2114 2.033184 72.271255 88.25382 19.653498 0.6706387 0.6706387 0.0 0.0 0.0 0.0 
1.0 10.0 1.4285715 80.0 4.0 80.0 80.0 80.0 1.0 0.0 0.0 0.0 NaN NaN 1.0 64.10973 81.18582 0.0 0.0 0.0 0.0 0.0 0.0 0.0 NaN NaN NaN NaN NaN 0.0 -0.0 1.0 NaN NaN NaN 0.0 0.0 0.0 NaN 0.0 0.0 
7.0 70.0 10.000001 560.0 28.0 80.0 80.0 80.0 1.0 0.0 0.0 0.0 4959.1367 2380.8596 2.0829186 67.177216 100.646095 9.0 90.0 12.857144 720.0 36.0 80.0 80.0 80.0 1.0 0.0 0.0 0.0 5484.192 2472.9624 2.217661 95.34457 110.20948 29.746563 0.6739625 0.6456164 0.0 0.0 0.0 0.0 
7.0 70.0 10.000001 560.0 28.0 80.0 80.0 80.0 1.0 0.0 0.0 0.0 6576.0083 654.3032 10.050399 72.221214 76.918724 5.0 50.0 7.1428576 400.0 20.0 80.0 80.0 80.0 1.0 0.0 0.0 0.0 6269.6426 3165.0032 1.9809277 82.13027 101.186905 26.213242 0.67661715 0.6206726 0.0 0.0 0.0 0.0 
