13.0 81.0 11.761906 940.0 33.0 60.0 110.0 85.38461 0.7692308 0.23076923 0.30769232 0.3846154 2429.0957 970.7313 2.5023358 120.54582 113.613754 0.0 0.0 0.0 0.0 0.0 0.0 0.0 NaN NaN NaN NaN NaN 0.0 -0.0 1.0 NaN NaN NaN NaN 0.0 0.0 NaN 0.0 0.0 
14.0 71.0 10.142858 940.0 25.0 60.0 110.0 84.28571 0.5 0.5 0.42857143 0.35714287 3999.7656 1945.2842 2.0561345 103.21619 105.048706 0.0 0.0 0.0 0.0 0.0 0.0 0.0 NaN NaN NaN NaN NaN 0.0 -0.0 1.0 NaN NaN NaN NaN 0.0 0.0 NaN 0.0 0.0 
4.0 23.0 2.8095238 270.0 5.0 60.0 110.0 81.25 0.25 0.75 0.5 0.25 2861.8052 1432.4604 1.9978249 129.28857 120.25668 0.0 0.0 0.0 0.0 0.0 0.0 0.0 NaN NaN NaN NaN NaN 0.0 -0.0 1.0 NaN NaN NaN NaN 0.0 0.0 NaN 0.0 0.0 
12.0 80.0 10.571429 910.0 26.0 60.0 110.0 88.75 0.6666667 0.33333334 0.33333334 0.5 4793.0 3189.2695 1.502852 94.48345 67.19913 0.0 0.0 0.0 0.0 0.0 0.0 0.0 NaN NaN NaN NaN NaN 0.0 -0.0 1.0 NaN NaN NaN NaN 0.0 0.0 NaN 0.0 0.0 
14.0 66.0 9.809525 940.0 26.0 60.0 110.0 85.71429 0.5714286 0.42857143 0.42857143 0.42857143 4149.1406 2063.977 2.0102649 101.81179 103.278076 0.0 0.0 0.0 0.0 0.0 0.0 0.0 NaN NaN NaN NaN NaN 0.0 -0.0 1.0 NaN NaN NaN NaN 0.0 0.0 NaN 0.0 0.0 
17.0 89.0 12.809523 1190.0 36.0 60.0 110.0 85.588234 0.7058824 0.29411766 0.4117647 0.47058824 6044.0312 1812.0271 3.335508 131.17531 103.41983 0.0 0.0 0.0 0.0 0.0 0.0 0.0 NaN NaN NaN NaN NaN 0.0 -0.0 1.0 NaN NaN NaN NaN 0.0 0.0 NaN 0.0 0.0 
13.0 51.0 7.9523807 840.0 20.0 60.0 110.0 87.30769 0.46153846 0.53846157 0.46153846 0.46153846 3468.302 2971.3113 1.1672632 105.1386 84.66463 0.0 0.0 0.0 0.0 0.0 0.0 0.0 NaN NaN NaN NaN NaN 0.0 -0.0 1.0 NaN NaN NaN NaN 0.0 0.0 NaN 0.0 0.0 
7.0 56.0 7.9047623 540.0 20.0 60.0 110.0 87.85714 0.71428573 0.2857143 0.14285715 0.2857143 6053.7876 982.6587 6.1606207 133.37968 97.941956 0.0 0.0 0.0 0.0 0.0 0.0 0.0 NaN NaN NaN NaN NaN 0.0 -0.0 1.0 NaN NaN NaN NaN 0.0 0.0 NaN 0.0 0.0 
14.0 92.0 12.857144 1020.0 31.0 60.0 110.0 87.5 0.5714286 0.42857143 0.2857143 0.35714287 4857.812 3364.48 1.4438523 90.78203 81.72918 0.0 0.0 0.0 0.0 0.0 0.0 0.0 NaN NaN NaN NaN NaN 0.0 -0.0 1.0 NaN NaN NaN NaN 0.0 0.0 NaN 0.0 0.0 
16.0 83.0 11.285715 1090.0 32.0 60.0 110.0 80.0 0.6875 0.3125 0.5 0.375 2962.354 1514.9673 1.9553914 71.1212 87.83436 0.0 0.0 0.0 0.0 0.0 0.0 0.0 NaN NaN NaN NaN NaN 0.0 -0.0 1.0 NaN NaN NaN NaN 0.0 0.0 NaN 0.0 0.0 
