1.0 0.0 0.0 60.0 1.0 80.0 80.0 80.0 1.0 0.0 1.0 1.0 NaN NaN 1.0 82.15412 28.874525 0.0 0.0 0.0 0.0 0.0 0.0 0.0 NaN NaN NaN NaN NaN 0.0 -0.0 1.0 NaN NaN NaN 0.0 0.0 0.0 NaN 0.0 0.0 
19.0 79.0 9.190476 1250.0 23.0 60.0 110.0 78.947365 0.5263158 0.47368422 0.68421054 0.47368422 4559.5483 2149.351 2.1213605 102.665016 79.12802 0.0 0.0 0.0 0.0 0.0 0.0 0.0 NaN NaN NaN NaN NaN 0.0 -0.0 1.0 NaN NaN NaN NaN 0.0 0.0 NaN 0.0 0.0 
14.0 77.0 11.571429 960.0 25.0 60.0 110.0 90.71429 0.35714287 0.64285713 0.2857143 0.35714287 5179.9424 1535.3114 3.3738708 111.79039 81.049416 0.0 0.0 0.0 0.0 0.0 0.0 0.0 NaN NaN NaN NaN NaN 0.0 -0.0 1.0 NaN NaN NaN NaN 0.0 0.0 NaN 0.0 0.0 
12.0 78.0 10.761906 810.0 23.0 60.0 110.0 80.833336 0.33333334 0.6666667 0.33333334 0.083333336 3862.0544 1826.9241 2.1139655 106.46636 103.7233 0.0 0.0 0.0 0.0 0.0 0.0 0.0 NaN NaN NaN NaN NaN 0.0 -0.0 1.0 NaN NaN NaN NaN 0.0 0.0 NaN 0.0 0.0 
2.0 13.0 2.142857 150.0 5.0 95.0 110.0 102.5 0.5 0.5 0.0 0.5 16510.756 0.0 Infinity 106.104904 138.16142 0.0 0.0 0.0 0.0 0.0 0.0 0.0 NaN NaN NaN NaN NaN 0.0 -0.0 1.0 NaN NaN NaN NaN 0.0 0.0 NaN 0.0 0.0 
14.0 94.0 13.809525 1010.0 34.0 60.0 110.0 87.85714 0.5714286 0.42857143 0.21428572 0.2857143 5104.8403 2468.5542 2.0679474 86.59691 105.125595 0.0 0.0 0.0 0.0 0.0 0.0 0.0 NaN NaN NaN NaN NaN 0.0 -0.0 1.0 NaN NaN NaN NaN 0.0 0.0 NaN 0.0 0.0 
18.0 94.0 11.714288 1230.0 29.0 60.0 110.0 80.0 0.5555556 0.44444445 0.5555556 0.3888889 3538.628 1914.629 1.8482056 104.07901 92.470856 0.0 0.0 0.0 0.0 0.0 0.0 0.0 NaN NaN NaN NaN NaN 0.0 -0.0 1.0 NaN NaN NaN NaN 0.0 0.0 NaN 0.0 0.0 
16.0 106.0 15.428573 1120.0 37.0 60.0 110.0 84.6875 0.5 0.5 0.25 0.1875 3205.6943 2244.0176 1.4285513 79.76508 75.278404 0.0 0.0 0.0 0.0 0.0 0.0 0.0 NaN NaN NaN NaN NaN 0.0 -0.0 1.0 NaN NaN NaN NaN 0.0 0.0 NaN 0.0 0.0 
5.0 35.0 5.857143 340.0 14.0 80.0 95.0 89.0 0.4 0.6 0.0 0.0 2449.5703 1156.5231 2.118047 108.13048 86.22331 0.0 0.0 0.0 0.0 0.0 0.0 0.0 NaN NaN NaN NaN NaN 0.0 -0.0 1.0 NaN NaN NaN NaN 0.0 0.0 NaN 0.0 0.0 
18.0 97.0 12.52381 1260.0 32.0 60.0 110.0 82.77778 0.6111111 0.3888889 0.5 0.44444445 4614.584 3257.2646 1.4167053 102.90097 109.118004 0.0 0.0 0.0 0.0 0.0 0.0 0.0 NaN NaN NaN NaN NaN 0.0 -0.0 1.0 NaN NaN NaN NaN 0.0 0.0 NaN 0.0 0.0 
