8.0 33.0 4.2380953 530.0 12.0 60.0 110.0 80.625 0.625 0.375 0.625 0.5 2724.539 682.4736 3.9921532 84.91014 154.39186 0.0 0.0 0.0 0.0 0.0 0.0 0.0 NaN NaN NaN NaN NaN 0.0 -0.0 1.0 NaN NaN NaN NaN 0.0 0.0 NaN 0.0 0.0 
8.0 58.0 8.285715 610.0 25.0 80.0 110.0 83.75 1.0 0.0 0.25 0.375 3758.0652 3486.3596 1.0779339 119.80321 87.18686 0.0 0.0 0.0 0.0 0.0 0.0 0.0 NaN NaN NaN NaN NaN 0.0 -0.0 1.0 NaN NaN NaN NaN 0.0 0.0 NaN 0.0 0.0 
1.0 8.0 1.1428572 90.0 3.0 110.0 110.0 110.0 1.0 0.0 0.0 1.0 NaN NaN 1.0 61.633156 184.33502 0.0 0.0 0.0 0.0 0.0 0.0 0.0 NaN NaN NaN NaN NaN 0.0 -0.0 1.0 NaN NaN NaN 0.0 0.0 0.0 NaN 0.0 0.0 
0.0 0.0 0.0 0.0 0.0 0.0 0.0 NaN NaN NaN NaN NaN 0.0 -0.0 1.0 NaN NaN 0.0 0.0 0.0 0.0 0.0 0.0 0.0 NaN NaN NaN NaN NaN 0.0 -0.0 1.0 NaN NaN NaN 0.0 0.0 NaN NaN 0.0 0.0 
10.0 74.0 11.714287 750.0 29.0 80.0 110.0 95.0 0.6 0.4 0.0 0.3 3464.4756 2775.331 1.2483108 49.610485 125.7762 0.0 0.0 0.0 0.0 0.0 0.0 0.0 NaN NaN NaN NaN NaN 0.0 -0.0 1.0 NaN NaN NaN NaN 0.0 0.0 NaN 0.0 0.0 
18.0 96.0 12.666668 1220.0 32.0 60.0 110.0 80.27778 0.5555556 0.44444445 0.5 0.33333334 4267.705 2085.0361 2.0468254 100.37569 101.227936 0.0 0.0 0.0 0.0 0.0 0.0 0.0 NaN NaN NaN NaN NaN 0.0 -0.0 1.0 NaN NaN NaN NaN 0.0 0.0 NaN 0.0 0.0 
2.0 10.0 1.4285715 140.0 5.0 80.0 80.0 80.0 1.0 0.0 0.5 0.5 8419.651 0.0 Infinity 125.35608 65.588554 0.0 0.0 0.0 0.0 0.0 0.0 0.0 NaN NaN NaN NaN NaN 0.0 -0.0 1.0 NaN NaN NaN NaN 0.0 0.0 NaN 0.0 0.0 
11.0 66.0 8.571429 780.0 22.0 60.0 110.0 81.36364 0.6363636 0.36363637 0.45454547 0.36363637 5220.906 1727.1732 3.0228038 101.60972 69.87015 0.0 0.0 0.0 0.0 0.0 0.0 0.0 NaN NaN NaN NaN NaN 0.0 -0.0 1.0 NaN NaN NaN NaN 0.0 0.0 NaN 0.0 0.0 
14.0 88.0 11.619047 970.0 29.0 60.0 110.0 78.57143 0.5714286 0.42857143 0.42857143 0.21428572 2509.1763 1765.8418 1.420952 86.3372 82.68901 0.0 0.0 0.0 0.0 0.0 0.0 0.0 NaN NaN NaN NaN NaN 0.0 -0.0 1.0 NaN NaN NaN NaN 0.0 0.0 NaN 0.0 0.0 
2.0 13.0 1.4761906 150.0 3.0 60.0 110.0 85.0 0.5 0.5 0.5 0.5 646.3403 0.0 Infinity 38.077293 38.022873 0.0 0.0 0.0 0.0 0.0 0.0 0.0 NaN NaN NaN NaN NaN 0.0 -0.0 1.0 NaN NaN NaN NaN 0.0 0.0 NaN 0.0 0.0 
