1.0 5.0 0.33333334 60.0 0.0 60.0 60.0 60.0 0.0 1.0 1.0 0.0 NaN NaN 1.0 414.85376 122.69605 0.0 0.0 0.0 0.0 0.0 0.0 0.0 NaN NaN NaN NaN NaN 0.0 -0.0 1.0 NaN NaN NaN 0.0 0.0 0.0 NaN 0.0 0.0 
7.0 23.0 3.4761903 450.0 10.0 60.0 110.0 85.71429 0.5714286 0.42857143 0.5714286 0.5714286 27680.574 12015.552 2.3037288 266.69916 302.05524 0.0 0.0 0.0 0.0 0.0 0.0 0.0 NaN NaN NaN NaN NaN 0.0 -0.0 1.0 NaN NaN NaN NaN 0.0 0.0 NaN 0.0 0.0 
6.0 26.0 4.285714 420.0 12.0 80.0 110.0 95.0 0.6666667 0.33333334 0.33333334 0.6666667 41198.508 18565.086 2.219139 257.23352 185.53601 0.0 0.0 0.0 0.0 0.0 0.0 0.0 NaN NaN NaN NaN NaN 0.0 -0.0 1.0 NaN NaN NaN NaN 0.0 0.0 NaN 0.0 0.0 
7.0 38.0 5.2380953 470.0 12.0 60.0 110.0 82.85714 0.42857143 0.5714286 0.42857143 0.2857143 25482.602 4787.3496 5.3229036 260.6982 232.90195 0.0 0.0 0.0 0.0 0.0 0.0 0.0 NaN NaN NaN NaN NaN 0.0 -0.0 1.0 NaN NaN NaN NaN 0.0 0.0 NaN 0.0 0.0 
1.0 5.0 0.33333334 60.0 0.0 60.0 60.0 60.0 0.0 1.0 1.0 0.0 NaN NaN 1.0 285.2719 464.7703 0.0 0.0 0.0 0.0 0.0 0.0 0.0 NaN NaN NaN NaN NaN 0.0 -0.0 1.0 NaN NaN NaN 0.0 0.0 0.0 NaN 0.0 0.0 
14.0 85.0 10.238094 1030.0 25.0 60.0 110.0 83.57143 0.64285713 0.35714287 0.5 0.5 36499.973 16407.656 2.2245696 228.43799 287.91046 0.0 0.0 0.0 0.0 0.0 0.0 0.0 NaN NaN NaN NaN NaN 0.0 -0.0 1.0 NaN NaN NaN NaN 0.0 0.0 NaN 0.0 0.0 
18.0 86.0 11.904761 1200.0 31.0 60.0 110.0 82.22222 0.5555556 0.44444445 0.5 0.3888889 22982.973 12034.378 1.9097766 230.40497 227.50575 0.0 0.0 0.0 0.0 0.0 0.0 0.0 NaN NaN NaN NaN NaN 0.0 -0.0 1.0 NaN NaN NaN NaN 0.0 0.0 NaN 0.0 0.0 
13.0 67.0 8.333334 920.0 21.0 60.0 110.0 84.23077 0.61538464 0.3846154 0.53846157 0.53846157 27124.719 8350.077 3.2484393 244.50047 179.37607 0.0 0.0 0.0 0.0 0.0 0.0 0.0 NaN NaN NaN NaN NaN 0.0 -0.0 1.0 NaN NaN NaN NaN 0.0 0.0 NaN 0.0 0.0 
14.0 93.0 12.619047 970.0 30.0 60.0 110.0 79.64286 0.5 0.5 0.35714287 0.14285715 31485.02 20366.426 1.5459276 242.91689 190.3813 0.0 0.0 0.0 0.0 0.0 0.0 0.0 NaN NaN NaN NaN NaN 0.0 -0.0 1.0 NaN NaN NaN NaN 0.0 0.0 NaN 0.0 0.0 
20.0 109.0 16.809525 1370.0 43.0 60.0 110.0 87.75 0.55 0.45 0.3 0.35 29647.143 18163.021 1.6322803 296.17642 244.7874 0.0 0.0 0.0 0.0 0.0 0.0 0.0 NaN NaN NaN NaN NaN 0.0 -0.0 1.0 NaN NaN NaN NaN 0.0 0.0 NaN 0.0 0.0 
