0.0 0.0 0.0 0.0 0.0 0.0 0.0 NaN NaN NaN NaN NaN 0.0 -0.0 1.0 NaN NaN 0.0 0.0 0.0 0.0 0.0 0.0 0.0 NaN NaN NaN NaN NaN 0.0 -0.0 1.0 NaN NaN NaN 0.0 0.0 NaN NaN 0.0 0.0 
12.0 69.0 9.190475 830.0 20.0 60.0 110.0 84.583336 0.41666666 0.5833333 0.41666666 0.33333334 4998.7783 1213.3284 4.1198893 100.36921 104.05582 0.0 0.0 0.0 0.0 0.0 0.0 0.0 NaN NaN NaN NaN NaN 0.0 -0.0 1.0 NaN NaN NaN NaN 0.0 0.0 NaN 0.0 0.0 
2.0 15.0 1.7619048 140.0 4.0 60.0 80.0 70.0 0.5 0.5 0.5 0.0 8363.516 4.8828125E-4 1.712848E7 174.57878 96.82847 0.0 0.0 0.0 0.0 0.0 0.0 0.0 NaN NaN NaN NaN NaN 0.0 -0.0 1.0 NaN NaN NaN NaN 0.0 0.0 NaN 0.0 0.0 
16.0 79.0 9.952381 1090.0 25.0 60.0 110.0 81.25 0.5625 0.4375 0.5625 0.4375 5447.7266 2718.1162 2.0042288 89.81768 123.4042 0.0 0.0 0.0 0.0 0.0 0.0 0.0 NaN NaN NaN NaN NaN 0.0 -0.0 1.0 NaN NaN NaN NaN 0.0 0.0 NaN 0.0 0.0 
2.0 18.0 2.5714288 170.0 7.0 80.0 110.0 95.0 1.0 0.0 0.0 0.5 24.222988 0.0 Infinity 116.56668 53.715996 0.0 0.0 0.0 0.0 0.0 0.0 0.0 NaN NaN NaN NaN NaN 0.0 -0.0 1.0 NaN NaN NaN NaN 0.0 0.0 NaN 0.0 0.0 
10.0 62.0 8.095238 760.0 22.0 60.0 110.0 88.0 0.8 0.2 0.4 0.6 5371.9893 3942.503 1.3625834 98.1395 73.13667 0.0 0.0 0.0 0.0 0.0 0.0 0.0 NaN NaN NaN NaN NaN 0.0 -0.0 1.0 NaN NaN NaN NaN 0.0 0.0 NaN 0.0 0.0 
3.0 21.0 2.6190476 240.0 6.0 60.0 110.0 93.333336 0.6666667 0.33333334 0.33333334 0.6666667 2310.94 387.53503 5.9631767 54.858704 157.74355 0.0 0.0 0.0 0.0 0.0 0.0 0.0 NaN NaN NaN NaN NaN 0.0 -0.0 1.0 NaN NaN NaN NaN 0.0 0.0 NaN 0.0 0.0 
12.0 55.0 9.190476 760.0 23.0 60.0 95.0 85.833336 0.41666666 0.5833333 0.33333334 0.25 3976.1003 2000.9036 1.9871525 82.80465 79.56445 0.0 0.0 0.0 0.0 0.0 0.0 0.0 NaN NaN NaN NaN NaN 0.0 -0.0 1.0 NaN NaN NaN NaN 0.0 0.0 NaN 0.0 0.0 
3.0 5.0 0.33333334 180.0 2.0 60.0 80.0 73.333336 0.6666667 0.33333334 1.0 0.6666667 412.77844 0.21495056 1920.3413 155.58028 169.15161 0.0 0.0 0.0 0.0 0.0 0.0 0.0 NaN NaN NaN NaN NaN 0.0 -0.0 1.0 NaN NaN NaN NaN 0.0 0.0 NaN 0.0 0.0 
3.0 15.0 2.3333335 180.0 4.0 60.0 95.0 83.333336 0.0 1.0 0.33333334 0.0 3336.804 747.0896 4.466404 141.1935 113.15708 0.0 0.0 0.0 0.0 0.0 0.0 0.0 NaN NaN NaN NaN NaN 0.0 -0.0 1.0 NaN NaN NaN NaN 0.0 0.0 NaN 0.0 0.0 
