22.0 158.0 21.619051 1660.0 56.0 60.0 110.0 85.90909 0.72727275 0.27272728 0.27272728 0.36363637 4328.6904 3152.1545 1.3732482 83.41627 108.01299 0.0 0.0 0.0 0.0 0.0 0.0 0.0 NaN NaN NaN NaN NaN 0.0 -0.0 1.0 NaN NaN NaN NaN 0.0 0.0 NaN 0.0 0.0 
9.0 33.0 5.4761906 570.0 14.0 60.0 110.0 87.77778 0.44444445 0.5555556 0.44444445 0.44444445 4735.1167 746.6382 6.341916 62.481358 91.62232 0.0 0.0 0.0 0.0 0.0 0.0 0.0 NaN NaN NaN NaN NaN 0.0 -0.0 1.0 NaN NaN NaN NaN 0.0 0.0 NaN 0.0 0.0 
13.0 69.0 9.190476 890.0 21.0 60.0 110.0 84.23077 0.46153846 0.53846157 0.46153846 0.3846154 5066.741 1238.2197 4.0919566 92.57463 114.467125 0.0 0.0 0.0 0.0 0.0 0.0 0.0 NaN NaN NaN NaN NaN 0.0 -0.0 1.0 NaN NaN NaN NaN 0.0 0.0 NaN 0.0 0.0 
6.0 38.0 6.0 430.0 16.0 80.0 110.0 90.0 0.6666667 0.33333334 0.16666667 0.33333334 7130.9824 2735.592 2.606742 121.105774 89.45722 0.0 0.0 0.0 0.0 0.0 0.0 0.0 NaN NaN NaN NaN NaN 0.0 -0.0 1.0 NaN NaN NaN NaN 0.0 0.0 NaN 0.0 0.0 
8.0 46.0 6.3809524 560.0 15.0 60.0 110.0 86.25 0.5 0.5 0.375 0.375 5564.8716 911.90674 6.102457 62.547546 94.8096 0.0 0.0 0.0 0.0 0.0 0.0 0.0 NaN NaN NaN NaN NaN 0.0 -0.0 1.0 NaN NaN NaN NaN 0.0 0.0 NaN 0.0 0.0 
12.0 51.0 6.619048 780.0 15.0 60.0 110.0 82.083336 0.41666666 0.5833333 0.5833333 0.41666666 2870.906 1798.7634 1.5960442 86.39068 113.70458 0.0 0.0 0.0 0.0 0.0 0.0 0.0 NaN NaN NaN NaN NaN 0.0 -0.0 1.0 NaN NaN NaN NaN 0.0 0.0 NaN 0.0 0.0 
8.0 56.0 7.142857 580.0 16.0 60.0 110.0 81.875 0.5 0.5 0.375 0.25 6187.5664 2425.7246 2.5508115 120.77994 104.109 0.0 0.0 0.0 0.0 0.0 0.0 0.0 NaN NaN NaN NaN NaN 0.0 -0.0 1.0 NaN NaN NaN NaN 0.0 0.0 NaN 0.0 0.0 
12.0 67.0 10.333334 860.0 26.0 60.0 110.0 93.333336 0.5833333 0.41666666 0.25 0.5 3460.025 2299.6152 1.5046103 111.80721 93.150734 0.0 0.0 0.0 0.0 0.0 0.0 0.0 NaN NaN NaN NaN NaN 0.0 -0.0 1.0 NaN NaN NaN NaN 0.0 0.0 NaN 0.0 0.0 
18.0 122.0 15.714287 1300.0 37.0 60.0 110.0 81.666664 0.5555556 0.44444445 0.3888889 0.2777778 5336.4434 2237.5098 2.3849921 98.773895 96.4453 0.0 0.0 0.0 0.0 0.0 0.0 0.0 NaN NaN NaN NaN NaN 0.0 -0.0 1.0 NaN NaN NaN NaN 0.0 0.0 NaN 0.0 0.0 
3.0 18.0 2.5714288 230.0 8.0 80.0 110.0 90.0 1.0 0.0 0.33333334 0.6666667 8774.491 1654.3457 5.303904 130.88286 72.62647 0.0 0.0 0.0 0.0 0.0 0.0 0.0 NaN NaN NaN NaN NaN 0.0 -0.0 1.0 NaN NaN NaN NaN 0.0 0.0 NaN 0.0 0.0 
