13.0 74.0 11.047619 930.0 30.0 60.0 110.0 88.84615 0.6923077 0.30769232 0.30769232 0.46153846 4711.709 3051.1257 1.5442526 115.08275 91.992134 0.0 0.0 0.0 0.0 0.0 0.0 0.0 NaN NaN NaN NaN NaN 0.0 -0.0 1.0 NaN NaN NaN NaN 0.0 0.0 NaN 0.0 0.0 
11.0 79.0 10.809525 830.0 28.0 60.0 110.0 85.90909 0.72727275 0.27272728 0.27272728 0.36363637 3601.7815 2333.534 1.5434879 120.0687 101.57708 0.0 0.0 0.0 0.0 0.0 0.0 0.0 NaN NaN NaN NaN NaN 0.0 -0.0 1.0 NaN NaN NaN NaN 0.0 0.0 NaN 0.0 0.0 
4.0 26.0 3.7142859 320.0 11.0 80.0 110.0 95.0 1.0 0.0 0.25 0.75 1948.0139 372.4218 5.2306657 83.97966 163.31662 0.0 0.0 0.0 0.0 0.0 0.0 0.0 NaN NaN NaN NaN NaN 0.0 -0.0 1.0 NaN NaN NaN NaN 0.0 0.0 NaN 0.0 0.0 
14.0 93.0 12.619048 970.0 30.0 60.0 110.0 79.64286 0.5 0.5 0.35714287 0.14285715 3952.4646 2953.361 1.3382937 104.00525 94.04789 0.0 0.0 0.0 0.0 0.0 0.0 0.0 NaN NaN NaN NaN NaN 0.0 -0.0 1.0 NaN NaN NaN NaN 0.0 0.0 NaN 0.0 0.0 
4.0 29.0 4.428571 330.0 11.0 95.0 110.0 106.25 0.75 0.25 0.0 0.75 4989.8535 1386.6187 3.5985765 115.60172 92.62288 0.0 0.0 0.0 0.0 0.0 0.0 0.0 NaN NaN NaN NaN NaN 0.0 -0.0 1.0 NaN NaN NaN NaN 0.0 0.0 NaN 0.0 0.0 
12.0 68.0 10.190476 830.0 28.0 60.0 110.0 84.583336 0.6666667 0.33333334 0.33333334 0.33333334 6974.5986 3042.663 2.2922678 95.47187 111.05334 0.0 0.0 0.0 0.0 0.0 0.0 0.0 NaN NaN NaN NaN NaN 0.0 -0.0 1.0 NaN NaN NaN NaN 0.0 0.0 NaN 0.0 0.0 
1.0 0.0 0.0 60.0 1.0 80.0 80.0 80.0 1.0 0.0 1.0 1.0 NaN NaN 1.0 43.03945 143.64389 0.0 0.0 0.0 0.0 0.0 0.0 0.0 NaN NaN NaN NaN NaN 0.0 -0.0 1.0 NaN NaN NaN 0.0 0.0 0.0 NaN 0.0 0.0 
8.0 38.0 5.142857 510.0 10.0 60.0 110.0 81.875 0.25 0.75 0.5 0.25 6613.7324 1724.2483 3.8357193 90.19018 85.271255 0.0 0.0 0.0 0.0 0.0 0.0 0.0 NaN NaN NaN NaN NaN 0.0 -0.0 1.0 NaN NaN NaN NaN 0.0 0.0 NaN 0.0 0.0 
1.0 8.0 1.1428572 90.0 3.0 110.0 110.0 110.0 1.0 0.0 0.0 1.0 NaN NaN 1.0 102.09709 53.25757 0.0 0.0 0.0 0.0 0.0 0.0 0.0 NaN NaN NaN NaN NaN 0.0 -0.0 1.0 NaN NaN NaN 0.0 0.0 0.0 NaN 0.0 0.0 
9.0 55.0 5.952381 600.0 13.0 60.0 80.0 68.888885 0.44444445 0.5555556 0.6666667 0.11111111 3166.7747 1562.6975 2.0264797 123.03254 120.12212 0.0 0.0 0.0 0.0 0.0 0.0 0.0 NaN NaN NaN NaN NaN 0.0 -0.0 1.0 NaN NaN NaN NaN 0.0 0.0 NaN 0.0 0.0 
