0.0 0.0 0.0 0.0 0.0 0.0 0.0 NaN NaN NaN NaN NaN 0.0 -0.0 1.0 NaN NaN 3.0 15.0 1.7619048 200.0 5.0 60.0 80.0 73.333336 0.6666667 0.33333334 0.6666667 0.33333334 2961.0513 1675.2378 1.7675408 123.039085 68.97335 NaN 0.0 NaN NaN 0.0 0.0 0.0 
7.0 35.0 5.7619047 440.0 13.0 60.0 95.0 85.71429 0.2857143 0.71428573 0.2857143 0.14285715 3547.8672 1715.3682 2.0682833 48.385567 118.572044 8.0 44.0 6.1904764 590.0 17.0 60.0 110.0 90.625 0.75 0.25 0.375 0.625 4807.045 2090.1865 2.2998161 103.12147 110.65164 55.30598 0.6870333 0.6045394 1.8571428 1.25 0.0 0.0 
0.0 0.0 0.0 0.0 0.0 0.0 0.0 NaN NaN NaN NaN NaN 0.0 -0.0 1.0 NaN NaN 1.0 5.0 1.0 60.0 2.0 95.0 95.0 95.0 0.0 1.0 0.0 0.0 NaN NaN 1.0 11.879054 40.24063 NaN 0.0 0.0 NaN 0.0 0.0 0.0 
4.0 31.0 4.0476193 320.0 10.0 60.0 110.0 90.0 0.75 0.25 0.25 0.5 6711.0547 4763.578 1.4088265 110.67478 81.50077 1.0 8.0 1.1428572 90.0 3.0 110.0 110.0 110.0 1.0 0.0 0.0 1.0 NaN NaN 1.0 68.3625 2.2312453 89.85536 0.4058587 0.0 0.0 0.0 0.0 0.0 
7.0 28.0 4.4761906 450.0 11.0 60.0 110.0 87.85714 0.42857143 0.5714286 0.42857143 0.42857143 4081.25 1510.3605 2.7021694 83.41475 93.52448 11.0 67.0 8.428572 820.0 22.0 60.0 110.0 85.454544 0.72727275 0.27272728 0.45454547 0.54545456 5777.135 821.5217 7.032236 83.94882 113.64143 20.124039 0.78081024 0.7054465 2.142857 0.8181818 0.0 0.0 
7.0 36.0 5.047619 500.0 14.0 60.0 110.0 87.85714 0.71428573 0.2857143 0.42857143 0.5714286 5801.7393 1677.3567 3.4588585 91.27212 108.096794 10.0 46.0 6.3809524 680.0 17.0 60.0 110.0 85.0 0.6 0.4 0.5 0.5 5431.23 2685.3706 2.0225253 122.11322 125.99397 35.657852 0.9403132 0.6590399 1.0 0.8 0.0 0.0 
8.0 45.0 7.1904764 520.0 17.0 60.0 95.0 85.0 0.375 0.625 0.25 0.125 2970.0188 2528.571 1.1745839 89.049255 59.75489 11.0 53.0 5.666667 730.0 14.0 60.0 110.0 73.63636 0.54545456 0.45454547 0.72727275 0.36363637 4577.1753 3654.4097 1.2525074 74.4256 122.05632 63.994682 0.6129149 0.546579 3.5 1.8181819 0.0 0.0 
9.0 53.0 7.7619047 630.0 21.0 60.0 110.0 84.44444 0.6666667 0.33333334 0.33333334 0.33333334 4075.29 1917.4679 2.1253498 88.10126 72.54155 7.0 48.0 6.0000005 490.0 13.0 60.0 110.0 77.85714 0.42857143 0.5714286 0.42857143 0.14285715 5089.429 2866.606 1.7754198 85.50227 87.33816 15.023127 0.8879953 0.6987736 1.4444444 1.7142857 0.0 0.0 
8.0 46.0 7.714286 560.0 19.0 80.0 110.0 95.0 0.5 0.5 0.125 0.375 5296.211 727.00073 7.2850146 112.95705 121.59195 8.0 33.0 4.2380953 530.0 12.0 60.0 110.0 80.625 0.625 0.375 0.625 0.5 6786.324 3737.3613 1.8158063 89.39232 112.90181 25.11603 0.8196242 0.8196242 2.0 1.625 0.0 0.0 
2.0 5.0 1.0 120.0 3.0 80.0 95.0 87.5 0.5 0.5 0.5 0.5 807.3317 0.0 Infinity 51.582466 178.81494 0.0 0.0 0.0 0.0 0.0 0.0 0.0 NaN NaN NaN NaN NaN 0.0 -0.0 1.0 NaN NaN NaN NaN 0.0 0.0 NaN 0.0 0.0 
