5.0 0.0 0.0 300.0 5.0 80.0 80.0 80.0 1.0 0.0 1.0 1.0 6469.2427 289.7378 22.32792 79.40049 139.00235 0.0 0.0 0.0 0.0 0.0 0.0 0.0 NaN NaN NaN NaN NaN 0.0 -0.0 1.0 NaN NaN NaN NaN 0.0 0.0 NaN 0.0 0.0 
14.0 66.0 9.714287 920.0 23.0 60.0 110.0 85.35714 0.42857143 0.5714286 0.42857143 0.35714287 5661.1016 2512.162 2.2534778 105.9657 81.50396 0.0 0.0 0.0 0.0 0.0 0.0 0.0 NaN NaN NaN NaN NaN 0.0 -0.0 1.0 NaN NaN NaN NaN 0.0 0.0 NaN 0.0 0.0 
7.0 20.0 3.4285715 440.0 12.0 80.0 95.0 84.28571 0.71428573 0.2857143 0.5714286 0.5714286 3705.366 540.20044 6.859243 100.94269 96.9572 0.0 0.0 0.0 0.0 0.0 0.0 0.0 NaN NaN NaN NaN NaN 0.0 -0.0 1.0 NaN NaN NaN NaN 0.0 0.0 NaN 0.0 0.0 
0.0 0.0 0.0 0.0 0.0 0.0 0.0 NaN NaN NaN NaN NaN 0.0 -0.0 1.0 NaN NaN 0.0 0.0 0.0 0.0 0.0 0.0 0.0 NaN NaN NaN NaN NaN 0.0 -0.0 1.0 NaN NaN NaN 0.0 0.0 NaN NaN 0.0 0.0 
2.0 8.0 1.1428572 150.0 4.0 80.0 110.0 95.0 1.0 0.0 0.5 1.0 1091.2993 -6.1035156E-5 -1.7879848E7 19.72358 77.78821 0.0 0.0 0.0 0.0 0.0 0.0 0.0 NaN NaN NaN NaN NaN 0.0 -0.0 1.0 NaN NaN NaN NaN 0.0 0.0 NaN 0.0 0.0 
14.0 86.0 12.761906 1000.0 35.0 60.0 110.0 86.07143 0.71428573 0.2857143 0.2857143 0.35714287 3594.5564 3102.5403 1.158585 116.3407 82.156975 0.0 0.0 0.0 0.0 0.0 0.0 0.0 NaN NaN NaN NaN NaN 0.0 -0.0 1.0 NaN NaN NaN NaN 0.0 0.0 NaN 0.0 0.0 
18.0 99.0 14.142858 1250.0 37.0 60.0 110.0 85.0 0.6111111 0.3888889 0.3888889 0.3888889 4024.644 2443.8452 1.646849 89.51071 114.84364 0.0 0.0 0.0 0.0 0.0 0.0 0.0 NaN NaN NaN NaN NaN 0.0 -0.0 1.0 NaN NaN NaN NaN 0.0 0.0 NaN 0.0 0.0 
16.0 89.0 14.619048 1090.0 35.0 60.0 110.0 91.875 0.4375 0.5625 0.1875 0.3125 4254.3613 3011.9006 1.4125172 102.5941 80.491516 0.0 0.0 0.0 0.0 0.0 0.0 0.0 NaN NaN NaN NaN NaN 0.0 -0.0 1.0 NaN NaN NaN NaN 0.0 0.0 NaN 0.0 0.0 
11.0 64.0 8.857143 770.0 20.0 60.0 110.0 86.818184 0.45454547 0.54545456 0.36363637 0.36363637 3879.1777 2522.8486 1.5376182 137.19641 93.65884 0.0 0.0 0.0 0.0 0.0 0.0 0.0 NaN NaN NaN NaN NaN 0.0 -0.0 1.0 NaN NaN NaN NaN 0.0 0.0 NaN 0.0 0.0 
8.0 38.0 4.666667 550.0 14.0 60.0 110.0 78.75 0.75 0.25 0.625 0.5 5104.4526 2379.2563 2.1453984 64.67027 79.47209 0.0 0.0 0.0 0.0 0.0 0.0 0.0 NaN NaN NaN NaN NaN 0.0 -0.0 1.0 NaN NaN NaN NaN 0.0 0.0 NaN 0.0 0.0 
