15.0 71.0 9.476191 1000.0 24.0 60.0 110.0 81.666664 0.53333336 0.46666667 0.53333336 0.4 4482.8525 1981.5321 2.2623165 96.11759 120.43657 0.0 0.0 0.0 0.0 0.0 0.0 0.0 NaN NaN NaN NaN NaN 0.0 -0.0 1.0 NaN NaN NaN NaN 0.0 0.0 NaN 0.0 0.0 
15.0 77.0 11.571429 1020.0 26.0 60.0 110.0 90.0 0.4 0.6 0.33333334 0.4 4345.0913 2093.8818 2.075137 91.92553 110.29911 0.0 0.0 0.0 0.0 0.0 0.0 0.0 NaN NaN NaN NaN NaN 0.0 -0.0 1.0 NaN NaN NaN NaN 0.0 0.0 NaN 0.0 0.0 
13.0 83.0 11.285715 980.0 27.0 60.0 110.0 91.53846 0.61538464 0.3846154 0.30769232 0.53846157 5543.0166 1294.8616 4.2807794 93.73394 98.650795 0.0 0.0 0.0 0.0 0.0 0.0 0.0 NaN NaN NaN NaN NaN 0.0 -0.0 1.0 NaN NaN NaN NaN 0.0 0.0 NaN 0.0 0.0 
1.0 10.0 1.4285715 80.0 4.0 80.0 80.0 80.0 1.0 0.0 0.0 0.0 NaN NaN 1.0 127.78237 141.29097 0.0 0.0 0.0 0.0 0.0 0.0 0.0 NaN NaN NaN NaN NaN 0.0 -0.0 1.0 NaN NaN NaN 0.0 0.0 0.0 NaN 0.0 0.0 
10.0 51.0 7.3809524 680.0 18.0 60.0 110.0 86.5 0.5 0.5 0.4 0.4 3929.6035 1834.4574 2.1421068 77.98047 84.42254 0.0 0.0 0.0 0.0 0.0 0.0 0.0 NaN NaN NaN NaN NaN 0.0 -0.0 1.0 NaN NaN NaN NaN 0.0 0.0 NaN 0.0 0.0 
20.0 129.0 17.571428 1390.0 40.0 60.0 110.0 82.25 0.45 0.55 0.35 0.2 3639.9197 2207.0667 1.6492115 122.435814 95.50058 0.0 0.0 0.0 0.0 0.0 0.0 0.0 NaN NaN NaN NaN NaN 0.0 -0.0 1.0 NaN NaN NaN NaN 0.0 0.0 NaN 0.0 0.0 
12.0 91.0 12.428573 880.0 30.0 60.0 110.0 82.5 0.5833333 0.41666666 0.25 0.16666667 3415.143 2529.398 1.3501803 86.00159 118.16977 0.0 0.0 0.0 0.0 0.0 0.0 0.0 NaN NaN NaN NaN NaN 0.0 -0.0 1.0 NaN NaN NaN NaN 0.0 0.0 NaN 0.0 0.0 
0.0 0.0 0.0 0.0 0.0 0.0 0.0 NaN NaN NaN NaN NaN 0.0 -0.0 1.0 NaN NaN 0.0 0.0 0.0 0.0 0.0 0.0 0.0 NaN NaN NaN NaN NaN 0.0 -0.0 1.0 NaN NaN NaN 0.0 0.0 NaN NaN 0.0 0.0 
17.0 99.0 13.380953 1170.0 31.0 60.0 110.0 82.94118 0.47058824 0.5294118 0.4117647 0.29411766 3260.3245 2986.3098 1.0917569 94.75433 106.283104 0.0 0.0 0.0 0.0 0.0 0.0 0.0 NaN NaN NaN NaN NaN 0.0 -0.0 1.0 NaN NaN NaN NaN 0.0 0.0 NaN 0.0 0.0 
8.0 53.0 8.428572 570.0 22.0 80.0 110.0 89.375 0.625 0.375 0.125 0.25 3860.6025 1787.3712 2.1599333 92.99806 73.0036 0.0 0.0 0.0 0.0 0.0 0.0 0.0 NaN NaN NaN NaN NaN 0.0 -0.0 1.0 NaN NaN NaN NaN 0.0 0.0 NaN 0.0 0.0 
